image: nhkmap_2022_yagami.png
resolution: 0.05

origin: [-7.50000, -7.50000, 0.000000] #マップ中心にした 31*5

negate: 0
occupied_thresh: 0.65
free_thresh: 0.196
